,Players,Prev4's,Prev5's,Prev6's,Cur4's,Cur5's,Cur6's,Inc4's,Inc5's,Inc6's,4@1point,5@5point,6@5point,total
37,Pori Junior,0,0,0,0,216,40,0,216,40,0,1080,200,1280
1,MorganKell,0,1511,243,0,1587,251,0,76,8,0,380,40,420
16,brokenjade,2,1955,124,2,2015,129,0,60,5,0,300,25,325
52,HussyofWhips,0,55,13,0,104,21,0,49,8,0,245,40,285
14,SlackOfDoom,40,1228,133,40,1277,138,0,49,5,0,245,25,270
61,Karlosas,0,1768,7,0,1819,7,0,51,0,0,255,0,255
11,mirjan,11,657,146,11,702,151,0,45,5,0,225,25,250
4,Guts Black,2852,1606,207,2852,1648,213,0,42,6,0,210,30,240
72,tiddabeth,0,648,4,0,695,4,0,47,0,0,235,0,235
0,King Rale,176,2218,257,176,2255,263,0,37,6,0,185,30,215
29,17Palad1nOnm,2,1126,65,2,1166,67,0,40,2,0,200,10,210
57,buddha6366,845,1145,12,845,1187,12,0,42,0,0,210,0,210
80,Alice Fart,0,912,1,0,953,1,0,41,0,0,205,0,205
62,R1m,0,1472,6,0,1509,7,0,37,1,0,185,5,190
74,Kaelthas27,3,495,3,3,532,4,0,37,1,0,185,5,190
9,Theomore,0,1090,170,0,1121,174,0,31,4,0,155,20,175
22,xLestat,0,939,93,0,972,95,0,33,2,0,165,10,175
44,didialfeim,0,844,23,0,875,26,0,31,3,0,155,15,170
15,Jaredsc,0,940,132,0,968,136,0,28,4,0,140,20,160
3,EDOX,1631,1758,216,1631,1786,220,0,28,4,0,140,20,160
5,ArT,0,749,188,0,776,192,0,27,4,0,135,20,155
47,SireMuch,4,106,17,4,128,24,0,22,7,0,110,35,145
55,Daessa,0,323,15,0,349,18,0,26,3,0,130,15,145
70,MariaZoe,1,1116,4,1,1145,4,0,29,0,0,145,0,145
12,StankoSRBLFC,1851,1317,146,1851,1343,149,0,26,3,0,130,15,145
86,Foxxy,3265,1319,0,3265,1347,0,0,28,0,0,140,0,140
51,Wntrking,0,128,16,0,151,21,0,23,5,0,115,25,140
85,Qkate,0,155,1,0,183,1,0,28,0,0,140,0,140
76,Eragon67,1,668,2,1,695,2,0,27,0,0,135,0,135
67,MORTI,196,1730,5,196,1757,5,0,27,0,0,135,0,135
7,dingleberry,0,874,174,0,897,178,0,23,4,0,115,20,135
83,Mindaugyno,2,400,1,2,427,1,0,27,0,0,135,0,135
49,Brooster,0,567,20,0,593,21,0,26,1,0,130,5,135
54,EnchantressM,0,1310,18,0,1337,18,0,27,0,0,135,0,135
56,LalaTheWhite,0,156,9,0,178,14,0,22,5,0,110,25,135
60,komyc,2743,1420,8,2743,1447,8,0,27,0,0,135,0,135
77,FaFnir,0,635,2,0,661,2,0,26,0,0,130,0,130
23,MaceWindujr,1277,1717,89,1277,1740,92,0,23,3,0,115,15,130
17,Kingsy D,3471,1191,120,3471,1215,122,0,24,2,0,120,10,130
69,SFuRak,5836,1455,4,5836,1480,4,0,25,0,0,125,0,125
73,freeze3,0,630,4,0,655,4,0,25,0,0,125,0,125
21,Dasharath,4896,1048,94,4896,1070,97,0,22,3,0,110,15,125
25,Gunnarr716,0,897,88,0,919,91,0,22,3,0,110,15,125
13,Wareblade,0,561,137,0,580,143,0,19,6,0,95,30,125
41,trevers,0,160,29,0,180,33,0,20,4,0,100,20,120
81,UhtredR,2,828,1,2,852,1,0,24,0,0,120,0,120
27,SashaM,799,1919,69,799,1943,69,0,24,0,0,120,0,120
50,pembaa,0,466,17,0,486,21,0,20,4,0,100,20,120
78,GooSE,0,480,1,0,503,2,0,23,1,0,115,5,120
75,arcane,0,942,2,0,966,2,0,24,0,0,120,0,120
43,Fyre,0,132,23,0,151,28,0,19,5,0,95,25,120
48,Boss X,51,700,21,51,722,22,0,22,1,0,110,5,115
26,Maverick,0,493,77,0,512,81,0,19,4,0,95,20,115
66,Csapek,0,883,6,0,906,6,0,23,0,0,115,0,115
65,Sir Mogque,0,883,6,0,906,6,0,23,0,0,115,0,115
20,Klaus Schnee,0,985,105,0,1003,110,0,18,5,0,90,25,115
53,Beha,0,160,17,0,181,19,0,21,2,0,105,10,115
2,Lord Gitter,1251,1099,243,1251,1115,249,0,16,6,0,80,30,110
63,docente,1190,1166,7,1190,1188,7,0,22,0,0,110,0,110
6,pikabooooo,954,739,185,954,757,189,0,18,4,0,90,20,110
18,Duke Martin,2095,1209,115,2095,1229,117,0,20,2,0,100,10,110
58,Skipka,0,238,10,0,259,11,0,21,1,0,105,5,110
28,SEARCHER,1525,1554,64,1525,1571,69,0,17,5,0,85,25,110
19,koddi,6,955,114,6,974,117,0,19,3,0,95,15,110
31,Blackrainbow,5,827,51,5,845,55,0,18,4,0,90,20,110
45,Traksimus,0,110,21,0,128,25,0,18,4,0,90,20,110
33,RMonn,0,559,46,0,576,51,0,17,5,0,85,25,110
40,Freyyr,0,499,29,0,517,33,0,18,4,0,90,20,110
59,malimiki,3449,928,10,3449,949,10,0,21,0,0,105,0,105
87,RoGue Prince,0,500,0,0,521,0,0,21,0,0,105,0,105
84,sakis111,0,244,1,0,265,1,0,21,0,0,105,0,105
30,12M,1422,947,65,1422,967,66,0,20,1,0,100,5,105
34,Draakir,0,555,46,0,571,51,0,16,5,0,80,25,105
35,IronPrice,0,557,43,0,575,46,0,18,3,0,90,15,105
88,SERHAT STARK,0,204,0,0,225,0,0,21,0,0,105,0,105
38,GEERT,868,1229,35,868,1249,36,0,20,1,0,100,5,105
39,TripleP,2,745,32,2,762,36,0,17,4,0,85,20,105
71,30PAH,3373,1039,4,3373,1060,4,0,21,0,0,105,0,105
10,BuharaShroom,12,864,156,12,882,159,0,18,3,0,90,15,105
32,Odr,2,429,54,2,448,55,0,19,1,0,95,5,100
46,vampirewolfG,1,937,24,1,957,24,0,20,0,0,100,0,100
24,xstanfordx,0,1596,88,0,1612,92,0,16,4,0,80,20,100
42,Lord Anibal,21,932,30,21,951,30,0,19,0,0,95,0,95
79,DKH,1,1036,1,1,1055,1,0,19,0,0,95,0,95
68,ZENZEY,0,958,5,0,977,5,0,19,0,0,95,0,95
8,JohnHawkwood,2018,1876,170,2018,1891,174,0,15,4,0,75,20,95
36,FreyaMaiden,0,554,44,0,572,44,0,18,0,0,90,0,90
82,DownBerry,2,824,1,2,839,1,0,15,0,0,75,0,75
64,Thos,2,739,7,2,745,7,0,6,0,0,30,0,30
