,Players,Prev4's,Prev5's,Prev6's,Cur4's,Cur5's,Cur6's,Inc4's,Inc5's,Inc6's,4@1point,5@5point,6@5point,total
87,Foxxy,3265,942,0,3265,1109,0,0,167,0,0,835,0,835
59,docente,1190,870,7,1190,998,7,0,128,0,0,640,0,640
24,brokenjade,2,1182,84,2,1298,85,0,116,1,0,580,5,585
57,Pori Junior,0,0,0,0,57,8,0,57,8,0,285,40,325
41,Wntrking,0,1048,30,0,1099,30,0,51,0,0,255,0,255
8,JohnHawkwood,2018,1634,141,2018,1680,145,0,46,4,0,230,20,250
58,Karlosas,0,1332,7,0,1382,7,0,50,0,0,250,0,250
3,MorganKell,0,1127,168,0,1165,176,0,38,8,0,190,40,230
82,Alice Fart,0,562,1,0,607,1,0,45,0,0,225,0,225
76,tiddabeth,0,309,2,0,352,2,0,43,0,0,215,0,215
85,Kaelthas27,2,113,1,3,153,1,1,40,0,1,200,0,201
88,UhtredR,2,620,0,2,658,0,0,38,0,0,190,0,190
61,R1m,0,1112,6,0,1150,6,0,38,0,0,190,0,190
27,Klaus Schnee,0,744,71,0,779,73,0,35,2,0,175,10,185
2,EDOX,1631,1521,179,1631,1554,182,0,33,3,0,165,15,180
6,HussyofWhips,0,940,147,0,967,153,0,27,6,0,135,30,165
86,komyc,2743,1162,0,2743,1193,0,0,31,0,0,155,0,155
11,Theomore,0,785,131,0,812,135,0,27,4,0,135,20,155
37,17Palad1nOnm,1,854,46,1,885,46,0,31,0,0,155,0,155
18,SlackOfDoom,39,829,95,39,855,100,0,26,5,0,130,25,155
0,King Rale,176,2015,209,176,2042,212,0,27,3,0,135,15,150
72,MariaZoe,1,889,2,1,918,2,0,29,0,0,145,0,145
68,MORTI,196,1458,4,196,1486,4,0,28,0,0,140,0,140
30,KING MAXIMUS,0,866,63,0,890,67,0,24,4,0,120,20,140
74,Eragon67,1,448,2,1,476,2,0,28,0,0,140,0,140
55,EnchantressM,0,1067,9,0,1093,10,0,26,1,0,130,5,135
28,Dasharath,4896,872,69,4896,898,70,0,26,1,0,130,5,135
79,DKH,1,798,1,1,824,1,0,26,0,0,130,0,130
45,Lord Anibal,17,741,25,17,766,26,0,25,1,0,125,5,130
33,SashaM,799,1716,59,799,1742,59,0,26,0,0,130,0,130
71,pembaa,0,250,3,0,274,4,0,24,1,0,120,5,125
13,StankoSRBLFC,1851,962,124,1851,986,125,0,24,1,0,120,5,125
5,Guts Black,2851,1356,149,2852,1376,153,1,20,4,1,100,20,121
63,Csapek,0,689,6,0,713,6,0,24,0,0,120,0,120
54,Brooster,0,351,9,0,372,12,0,21,3,0,105,15,120
62,Sir Mogque,0,689,6,0,713,6,0,24,0,0,120,0,120
14,DarkLord Dan,0,717,105,0,739,107,0,22,2,0,110,10,120
10,dingleberry,0,678,134,0,698,138,0,20,4,0,100,20,120
42,FreyaMaiden,0,367,24,0,385,30,0,18,6,0,90,30,120
29,xLestat,0,723,65,0,742,69,0,19,4,0,95,20,115
48,vampirewolfG,1,681,21,1,704,21,0,23,0,0,115,0,115
60,didialfeim,0,563,5,0,584,7,0,21,2,0,105,10,115
70,30PAH,3372,854,4,3372,876,4,0,22,0,0,110,0,110
36,Maverick,0,334,45,0,354,47,0,20,2,0,100,10,110
34,Gunnarr716,0,735,48,0,752,53,0,17,5,0,85,25,110
26,Schurke66,0,702,75,0,723,76,0,21,1,0,105,5,110
51,Blackrainbow,4,668,17,4,688,19,0,20,2,0,100,10,110
17,VASE,1,651,97,1,669,101,0,18,4,0,90,20,110
80,arcane,0,722,0,0,743,1,0,21,1,0,105,5,110
53,buddha6366,845,1000,12,845,1022,12,0,22,0,0,110,0,110
92,SERHAT STARK,0,15,0,0,36,0,0,21,0,0,105,0,105
38,SEARCHER,1525,1364,37,1525,1385,37,0,21,0,0,105,0,105
32,MaceWindujr,1277,1528,59,1277,1545,63,0,17,4,0,85,20,105
22,ELENA,0,846,87,0,863,90,0,17,3,0,85,15,100
47,TripleP,2,581,23,2,601,23,0,20,0,0,100,0,100
40,GEERT,868,1046,30,868,1064,32,0,18,2,0,90,10,100
75,freeze3,0,424,2,0,444,2,0,20,0,0,100,0,100
66,ZENZEY,0,760,5,0,779,5,0,19,0,0,95,0,95
90,Mindaugyno,1,187,0,1,206,0,0,19,0,0,95,0,95
89,RoGue Prince,0,311,0,0,330,0,0,19,0,0,95,0,95
84,GooSE,0,303,1,0,322,1,0,19,0,0,95,0,95
78,Beha,0,0,0,0,17,2,0,17,2,0,85,10,95
77,Skipka,0,43,0,0,60,2,0,17,2,0,85,10,95
25,knyaz Elemag,5,610,81,5,626,84,0,16,3,0,80,15,95
46,RMonn,0,381,26,0,400,26,0,19,0,0,95,0,95
56,malimiki,3449,732,10,3449,751,10,0,19,0,0,95,0,95
44,IronPrice,0,377,28,0,396,28,0,19,0,0,95,0,95
43,Draakir,0,377,29,0,396,29,0,19,0,0,95,0,95
49,Boss X,46,493,18,47,509,20,1,16,2,1,80,10,91
73,L Mariscal,4,674,2,4,692,2,0,18,0,0,90,0,90
4,pikabooooo,954,573,153,954,588,156,0,15,3,0,75,15,90
83,FaFnir,0,446,1,0,464,1,0,18,0,0,90,0,90
50,Freyyr,0,320,20,0,338,20,0,18,0,0,90,0,90
1,Lord Gitter,1251,945,207,1251,958,212,0,13,5,0,65,25,90
35,12M,1421,767,50,1421,785,50,0,18,0,0,90,0,90
69,SFuRak,5835,1266,4,5835,1284,4,0,18,0,0,90,0,90
91,sakis111,0,52,0,0,70,0,0,18,0,0,90,0,90
20,Jaredsc,0,734,94,0,748,97,0,14,3,0,70,15,85
67,Thos,2,539,4,2,555,5,0,16,1,0,80,5,85
7,ArT,0,609,145,0,622,149,0,13,4,0,65,20,85
9,LalaTheWhite,0,633,135,0,646,139,0,13,4,0,65,20,85
12,BuharaShroom,12,715,121,12,726,126,0,11,5,0,55,25,80
21,Kingsy D,3465,1048,94,3465,1062,96,0,14,2,0,70,10,80
19,Duke Martin,2095,1031,97,2095,1046,97,0,15,0,0,75,0,75
81,DownBubble,2,622,1,2,637,1,0,15,0,0,75,0,75
23,koddi,6,762,85,6,774,88,0,12,3,0,60,15,75
15,mirjan,10,470,104,10,481,107,0,11,3,0,55,15,70
39,Odr,2,271,32,2,283,33,0,12,1,0,60,5,65
52,AHEGON,0,196,16,0,205,19,0,9,3,0,45,15,60
65,Daessa,0,160,6,0,171,6,0,11,0,0,55,0,55
16,Wareblade,0,488,97,0,492,103,0,4,6,0,20,30,50
31,xstanfordx,0,1113,64,0,1121,65,0,8,1,0,40,5,45
64,Omnos,0,186,6,0,189,6,0,3,0,0,15,0,15
